00000000000000000000111100000000
00000000000000000001000000000000
00000000000000000010111100000000
00000000000000000101111101000000
00000000000000001011111101000000
00000000000000010111111101000000
00000000000000101111111101000000
00000000000001011111111101000000
00000000000010111111111101000000
00000000000101111111111101000000
00000000001011111101111101000000
00000000010111111111111101000000
00000000101111110101111101000000
00000001011111101101111101000000
00000010111111010101111101000000
00000101111110100101111101000000
00001011111101000101111101000000
00010111111011111111111111111000
00101111110000000001111100000000
01111111111111111111111111111010
01011111111111111111111111111010
01011111111111111111111111111010
00011111111111111111111111111010
00000000000000000001111100000000
00001111111111111111111111111000
00000000000000000101111101000000
00000000000000000101111101000000
00000000000000000101111101000000
00000000000000000101111101000000
00000000000000000000000000000000
00000000000000000001111100000000
00000000000000000000000000000000
