00000000000000000000000000000000
00000000000111111111111000000000
00000000011000000000000110000000
00000000100111111111111001000000
00000011011111111111111110100000
00000110111111111111111111010000
00001101111111100011111111111000
00001011111110001100011111101000
00010111111011100011101111110100
00011111110110001100111111110100
00101111111111110001110000000000
00101111101100000100000111110000
00101111110011111111111001000000
01011111101111111111111110100000
01011111111111111111111111010000
01011111111111100111111111101000
01011111111100001000011111111100
01011111111011100111101111110100
01011111110100000000110111111100
01011111111100000000010111111010
00101111110100000000011111111010
00101111111100000000010111111010
00101111110100000000111111110100
00010111111011110111101111110100
00011111111100000000111111101000
00001011111111110111111111111000
00000101111111111111111110110000
00000010011111111111111101100000
00000001100111111111110010000000
00000000011000000000001100000000
00000000000111111111110000000000
00000000000000000000000000000000
