00000000000111111111000000000000
00000000011000000000111000000000
00000001100111111111000100000000
00000010011111111111111010000000
00000101111111111111111101000000
00001011111111111111111110100000
00011111111110000011111111010000
00010111111001111110111111111000
00101111110110000001011111101000
00101111111100000001111111101000
00101111110100000001011111101000
00010111111011111110111111111000
00011111111100000001111111010000
00001011111111111111111110100000
00000100111111111111111101000000
00001101111111111111111100100000
00011011111111111111111111010000
00111111111110000011111111101000
00101111111001111100011111111100
01011111110110000001101111110100
01011111101000000000111111110100
01011111111000000000010111111010
01011111111000000000010111111000
01011111101000000000111111110100
01111111110111000011101111110100
00101111111000111100011111111000
00010111111111000011111111111000
00001011111111111111111111010000
00000101111111111111111100100000
00000010011111111111110011000000
00000001100001111110000100000000
00000000011110000001111000000000
