00000000000000000000000000000000
00000000000111111111000000000000
00000000011000000000100000000000
00000000100111111110011000000000
00000001011111111111100100000000
00000110111111111111111010000000
00000101111111101111111111000000
00001011111100010001111101000000
00001011111011000110111110100000
00010111110100000011111110100000
00010111111100000000111110100000
00010111110100000001011111010000
00010111111100000000111111010000
00010111110100000011111111010000
00001111111011111110111111010000
00001011111100000001111111010000
00000101111111111111111111010000
00000110111111111111111111010000
00000011011111111111011111010000
00000001100111111100111111010000
00000000001000000011111110100000
00000000110111111111111110100000
00001011111110000010111110100000
00001011111011111101111101000000
00001111111100000011111111000000
00000101111111111111111010000000
00000010111111111111110100000000
00000001011111111111001000000000
00000000100111111100110000000000
00000000011000000011000000000000
00000000000111111100000000000000
00000000000000000000000000000000
