00000000000000000000000000000000
00000000000000000000000000000000
00000000000000000011000000000000
00000000000000001111000000000000
00000000000001111111000000000000
00000000000111111111000000000000
00000000011111111111000000000000
00000000100001111111000000000000
00000000000000111111000000000000
00000000000000111111000000000000
00000000000000111111000000000000
00000000000000111111000000000000
00000000000000111111000000000000
00000000000000111111000000000000
00000000000000111111000000000000
00000000000000111111000000000000
00000000000000111111000000000000
00000000000000111111000000000000
00000000000000111111000000000000
00000000000000111111000000000000
00000000000000111111000000000000
00000000000000111111000000000000
00000000000000111111000000000000
00000000000000111111000000000000
00000000000000111111000000000000
00000000000000111111000000000000
00000000000000111111000000000000
00000000000000111111000000000000
00000000000001111111000000000000
00000000000001111111000000000000
00000000000011111111100000000000
00000000111111111111111110000000
